##FastQC	0.11.5
>>Basic Statistics	pass
#Measure	Value
Filename	SRR3438555_1.fastq.gz
File type	Conventional base calls
Encoding	Sanger / Illumina 1.9
Total Sequences	41776033
Sequences flagged as poor quality	0
Sequence length	50
%GC	51
>>END_MODULE
>>Per base sequence quality	pass
#Base	Mean	Median	Lower Quartile	Upper Quartile	10th Percentile	90th Percentile
1	32.10700558858712	34.0	31.0	34.0	30.0	34.0
2	32.26030066090765	34.0	31.0	34.0	30.0	34.0
3	32.3330563244241	34.0	31.0	34.0	30.0	34.0
4	35.7083010490728	37.0	35.0	37.0	35.0	37.0
5	35.50721218551316	37.0	35.0	37.0	33.0	37.0
6	35.56009339134714	37.0	36.0	37.0	33.0	37.0
7	35.451006920642754	37.0	35.0	37.0	33.0	37.0
8	35.415419817386685	37.0	35.0	37.0	33.0	37.0
9	37.08001688432217	39.0	38.0	39.0	34.0	39.0
10	36.99569997467208	39.0	37.0	39.0	33.0	39.0
11	37.07904072653332	39.0	38.0	39.0	34.0	39.0
12	36.98221920688353	39.0	37.0	39.0	33.0	39.0
13	36.976723567793044	39.0	38.0	39.0	33.0	39.0
14	33.17682880516683	40.0	34.0	41.0	2.0	41.0
15	34.80287376735843	40.0	34.0	41.0	17.0	41.0
16	36.4585598158638	40.0	34.0	41.0	27.0	41.0
17	37.38391840603918	40.0	37.0	41.0	32.0	41.0
18	37.653353419172184	40.0	38.0	41.0	32.0	41.0
19	37.967713497353856	40.0	38.0	41.0	33.0	41.0
20	38.03697792463923	40.0	38.0	41.0	33.0	41.0
21	38.063748417663305	40.0	38.0	41.0	33.0	41.0
22	38.007465835734095	40.0	38.0	41.0	33.0	41.0
23	37.956544413874816	40.0	38.0	41.0	33.0	41.0
24	37.907606090793735	40.0	38.0	41.0	33.0	41.0
25	37.852688358418334	40.0	38.0	41.0	33.0	41.0
26	37.607260986221455	40.0	38.0	41.0	32.0	41.0
27	37.51897807051235	40.0	38.0	41.0	32.0	41.0
28	37.51213187235849	40.0	38.0	41.0	32.0	41.0
29	37.439749700504116	40.0	38.0	41.0	32.0	41.0
30	37.42528372667649	40.0	38.0	41.0	32.0	41.0
31	37.361378712047646	40.0	38.0	41.0	31.0	41.0
32	37.42030089357694	40.0	38.0	41.0	31.0	41.0
33	37.366142543979706	40.0	38.0	41.0	31.0	41.0
34	37.28684011236778	40.0	38.0	41.0	31.0	41.0
35	37.42937090268959	40.0	38.0	41.0	32.0	41.0
36	37.46300260247305	40.0	38.0	41.0	32.0	41.0
37	37.37642051843458	40.0	38.0	41.0	31.0	41.0
38	37.405420375840855	40.0	38.0	41.0	32.0	41.0
39	37.22113940306395	40.0	37.0	41.0	31.0	41.0
40	37.25615153549884	40.0	37.0	41.0	31.0	41.0
41	37.22327964936259	40.0	37.0	41.0	31.0	41.0
42	37.159146106572635	40.0	37.0	41.0	31.0	41.0
43	37.075285104260615	40.0	37.0	41.0	31.0	41.0
44	36.783949854693	40.0	37.0	41.0	30.0	41.0
45	36.774554347943955	40.0	36.0	41.0	30.0	41.0
46	36.7066221438498	40.0	36.0	41.0	30.0	41.0
47	36.615062133831614	40.0	36.0	41.0	30.0	41.0
48	36.45458770582645	40.0	36.0	41.0	30.0	41.0
49	36.34153206935661	40.0	35.0	41.0	30.0	41.0
50	35.799863596430995	39.0	35.0	41.0	29.0	41.0
>>END_MODULE
>>Per sequence quality scores	pass
#Quality	Count
2	276329.0
3	55991.0
4	103837.0
5	75070.0
6	65411.0
7	57089.0
8	48921.0
9	42786.0
10	39521.0
11	40208.0
12	42470.0
13	43941.0
14	45702.0
15	48347.0
16	58261.0
17	71239.0
18	62812.0
19	69088.0
20	78075.0
21	88779.0
22	107834.0
23	128959.0
24	155765.0
25	189973.0
26	224354.0
27	268600.0
28	376555.0
29	360496.0
30	465522.0
31	588664.0
32	682520.0
33	898774.0
34	1241855.0
35	1797562.0
36	2742129.0
37	4498655.0
38	7621125.0
39	1.8012814E7
>>END_MODULE
>>Per base sequence content	fail
#Base	G	A	T	C
1	44.61027537571435	18.564326985043206	10.000877378811872	26.824520260430567
2	19.861226404279165	19.926961164616955	32.46294861191095	27.748863819192927
3	19.62095734204834	22.01460815713369	28.878636239993295	29.485798260824676
4	14.05704233117222	15.04705758263945	34.845061542824965	36.05083854336336
5	15.226475318186235	35.32642694381308	34.44712305673049	14.999974681270189
6	36.27789200712325	34.764549558052735	15.401217924094551	13.556340510729465
7	31.27432280197912	29.325620414709892	20.896756921391685	18.503299861919302
8	29.148974926959376	32.07724527675274	18.99541473626927	19.77836506001861
9	27.613533186570294	12.644136893063804	17.654312798964654	42.08801712140125
10	15.944293389669156	25.956281244941938	34.25219208414166	23.84723328124724
11	37.64164271153134	20.193650612112407	21.48160293061208	20.68310374574417
12	22.579012757472416	23.58035379877938	30.210039429293968	23.630594014454235
13	31.80808898012824	18.75373209138343	23.3496676025698	26.088511325918528
14	26.125649467048373	18.387116731159505	23.754197146099283	31.733036655692835
15	25.648634561107514	26.760701430237212	21.185821771251454	26.40484223740382
16	26.164844314948795	25.304217726718637	22.99904300261781	25.53189495571476
17	25.05140490441398	25.347407614372884	24.61354109940563	24.987646381807497
18	25.690208469251463	25.03614791138691	24.682450040442333	24.591193578919295
19	25.95504322418464	24.73154735029022	24.63785834080841	24.675551084716737
20	25.665607190222943	24.837883331396483	24.51501098013751	24.981498498243056
21	25.572560719630268	24.650501253787496	24.282500880328058	25.494437146254185
22	25.5921965493778	24.469215005964053	24.48993755651101	25.44865088814714
23	25.5878067784908	24.557187465673085	24.421786481429784	25.433219274406326
24	25.335064504735026	24.901777883115635	24.35101206795979	25.412145544189553
25	25.6385086844736	24.576339314348292	24.55386388918956	25.231288111988547
26	25.323446362255403	24.73675749557145	24.558923008068362	25.380873134104785
27	25.328241597744295	24.842163615944777	24.326699339501072	25.50289544680986
28	25.490570328451835	24.545274499015886	24.749587261879253	25.21456791065303
29	25.551443338371165	24.674432160210397	24.53883063194608	25.235293869472358
30	25.343858136198744	24.92843273047694	24.462698211073793	25.265010922250532
31	25.714046182179878	24.620122138050036	24.48395169261221	25.181879987157878
32	25.177338502150732	24.915403505549243	24.525649555597845	25.38160843670218
33	25.28585271051029	24.727462864891717	24.631377155634596	25.355307268963394
34	25.619701507532582	24.277917652615706	24.674017277671467	25.428363562180245
35	25.320639638081584	24.87436372536014	24.744461399938018	25.060535236620257
36	25.49985037358723	24.8448793053504	24.319532591026725	25.335737730035646
37	25.768948325081887	24.594765943893933	24.35799260780319	25.27829312322099
38	25.518222710712468	24.93901751936088	24.561005737709607	24.98175403221704
39	25.598040449453695	24.8970619671012	24.405072137310853	25.099825446134243
40	25.43137104858469	24.51966289632911	24.897820382042017	25.151145673044184
41	25.298291505848585	24.57812450507807	24.8217155780517	25.301868411021644
42	25.086833638455015	24.862865212982943	24.684072543008416	25.366228605553626
43	25.422190034403247	24.539550757300123	24.819708941801167	25.218550266495466
44	25.255844251257862	24.848758071397025	24.660914127419183	25.23448354992593
45	25.0534431748177	24.67235646800477	24.862035662934627	25.412164694242893
46	25.388737948909306	24.49906300484962	24.727234264301632	25.38496478193944
47	24.99818776688544	24.804836617967947	24.940940830995785	25.256034784150827
48	25.120463023901117	24.927960165686773	24.696834633400986	25.254742177011124
49	25.17542092248225	24.843917156278607	24.879699244700628	25.10096267653851
50	25.115562676660236	24.6416007537695	24.935518287511844	25.307318282058418
>>END_MODULE
>>Per sequence GC content	pass
#GC Content	Count
0	2087.0
1	1307.0
2	527.0
3	601.0
4	675.0
5	1031.5
6	1388.0
7	2084.5
8	2781.0
9	4179.5
10	5578.0
11	8515.0
12	11452.0
13	17608.0
14	23764.0
15	34498.5
16	45233.0
17	64487.5
18	83742.0
19	112671.5
20	141601.0
21	183701.5
22	225802.0
23	282893.0
24	339984.0
25	405656.5
26	471329.0
27	555224.5
28	639120.0
29	723344.5
30	807569.0
31	909993.0
32	1012417.0
33	1128928.5
34	1245440.0
35	1351144.5
36	1456849.0
37	1535051.5
38	1613254.0
39	1689151.0
40	1765048.0
41	1842562.5
42	1920077.0
43	1977819.0
44	2035561.0
45	2094948.5
46	2154336.0
47	2181240.0
48	2208144.0
49	2224418.0
50	2240692.0
51	2283754.5
52	2326817.0
53	2340985.0
54	2355153.0
55	2353125.0
56	2351097.0
57	2339947.0
58	2328797.0
59	2296484.0
60	2264171.0
61	2161086.0
62	2058001.0
63	1923857.0
64	1789713.0
65	1648897.0
66	1508081.0
67	1361897.5
68	1215714.0
69	1082358.5
70	949003.0
71	819330.5
72	689658.0
73	593320.0
74	496982.0
75	412254.5
76	327527.0
77	271526.0
78	215525.0
79	180341.0
80	145157.0
81	124827.0
82	104497.0
83	90602.5
84	76708.0
85	64186.0
86	51664.0
87	40669.5
88	29675.0
89	24975.5
90	20276.0
91	15651.5
92	11027.0
93	7476.0
94	3925.0
95	2796.0
96	1667.0
97	1121.5
98	576.0
99	374.0
100	172.0
>>END_MODULE
>>Per base N content	warn
#Base	N-Count
1	0.091140774424417
2	0.005007655944737501
3	0.02373609768069649
4	0.030730538727791603
5	0.25678838390423525
6	0.013830896772797934
7	0.11725383307697024
8	0.11543939559794966
9	0.14207667827148643
10	0.14477439732010935
11	0.12329318104473921
12	0.12563662997872488
13	0.11591335156212654
14	9.46167626782562
15	0.13914198124077506
16	0.12144762524483835
17	0.12307295908158633
18	0.1136560764398094
19	0.1240472018968388
20	0.0995379336281164
21	0.11315339587174301
22	0.11620059760102162
23	0.1293373164464898
24	0.13477823516656068
25	0.13143660624741463
26	0.44445340226536106
27	0.30487815824925263
28	0.033703535230355644
29	0.14287857346340185
30	7.229025312192759E-4
31	0.009862114002064293
32	0.025634315254394788
33	0.02191687276769434
34	0.12310647111945741
35	0.17881305292917593
36	0.012765692711895357
37	0.017699143429918296
38	0.009072187395102833
39	0.02424595939973525
40	0.024810876609562237
41	0.019346020719583405
42	0.008682011525603687
43	0.0042512413756471325
44	0.007324773991824451
45	0.003083107484140488
46	0.017730261750798598
47	0.010448574664808408
48	0.018723654301977404
49	0.002254881405326351
50	0.009842964266137955
>>END_MODULE
>>Sequence Length Distribution	pass
#Length	Count
50	4.1776033E7
>>END_MODULE
>>Sequence Duplication Levels	warn
#Total Deduplicated Percentage	57.04929473204391
#Duplication Level	Percentage of deduplicated	Percentage of total
1	81.70390978425509	46.61150430042295
2	9.421957820550116	10.750320973148995
3	3.360423136109672	5.751293097489
4	1.6988317400105697	3.8766861054405597
5	0.996601920949965	2.8427718359397844
6	0.6147354628709278	2.10421347621378
7	0.43430714986383834	1.7343841617771254
8	0.3102438488127399	1.4159354215777338
9	0.23437372410285381	1.2033770097411407
>10	1.1175135207528348	11.004397387560331
>50	0.05728646475877694	2.2422738431487605
>100	0.0406171948485973	4.8224301598869115
>500	0.005916087669313377	2.3177067867145444
>1k	0.0032395776306557173	3.1845606742006365
>5k	4.256681412654893E-5	0.1381447667378399
>10k+	0.0	0.0
>>END_MODULE
>>Overrepresented sequences	pass
>>END_MODULE
>>Adapter Content	pass
#Position	Illumina Universal Adapter	Illumina Small RNA 3' Adapter	Illumina Small RNA 5' Adapter	Nextera Transposase Sequence	SOLID Small RNA Adapter
1	0.0	0.0	0.0	0.0	9.574867963169216E-6
2	0.0	4.787433981584608E-6	0.0	0.0	1.1968584953961521E-5
3	0.0	7.181150972376913E-6	0.0	2.393716990792304E-6	1.4362301944753826E-5
4	0.0	9.574867963169216E-6	0.0	7.659894370535373E-5	1.4362301944753826E-5
5	0.0	1.9149735926338433E-5	0.0	9.335496264089987E-5	1.4362301944753826E-5
6	0.0	1.9149735926338433E-5	0.0	9.814239662248447E-5	2.1543452917130738E-5
7	0.0	1.9149735926338433E-5	0.0	1.2926071750278442E-4	2.3937169907923043E-5
8	0.0	1.9149735926338433E-5	0.0	1.4362301944753826E-4	2.3937169907923043E-5
9	0.0	1.9149735926338433E-5	0.0	2.728837369503227E-4	2.8724603889507653E-5
10	2.393716990792304E-6	1.9149735926338433E-5	0.0	4.236879073702379E-4	2.8724603889507653E-5
11	2.393716990792304E-6	2.6330886898715348E-5	0.0	5.074680020479685E-4	2.8724603889507653E-5
12	2.393716990792304E-6	2.8724603889507653E-5	0.0	5.697046438085684E-4	2.8724603889507653E-5
13	2.393716990792304E-6	2.8724603889507653E-5	0.0	6.391224365415452E-4	3.8299471852676866E-5
14	2.393716990792304E-6	3.351203787109226E-5	0.0	7.08540229274522E-4	4.5480622825053784E-5
15	2.393716990792304E-6	4.0693188843469174E-5	0.0	8.497695317312681E-4	4.5480622825053784E-5
16	2.393716990792304E-6	4.0693188843469174E-5	0.0	9.933925511788062E-4	5.026805680663839E-5
17	2.393716990792304E-6	4.0693188843469174E-5	0.0	0.0011657401745158523	5.9842924769807607E-5
18	2.393716990792304E-6	4.3086905834261475E-5	0.0	0.0013500563828068596	5.9842924769807607E-5
19	2.393716990792304E-6	4.5480622825053784E-5	0.0	0.0015032542702175672	9.096124565010757E-5
20	2.393716990792304E-6	4.5480622825053784E-5	0.0	0.0017905003091126437	9.096124565010757E-5
21	4.787433981584608E-6	5.5055490788223E-5	0.0	0.002075352631016928	1.4362301944753826E-4
22	7.181150972376913E-6	5.7449207779015305E-5	0.0	0.002408079292737058	1.5319788741070746E-4
23	7.181150972376913E-6	6.463035875139221E-5	0.0	0.0027408059544571884	1.5559160440149978E-4
24	7.181150972376913E-6	6.702407574218452E-5	0.0	0.003171675012799803	1.5559160440149978E-4
25	7.181150972376913E-6	7.181150972376913E-5	0.0	0.003688717882810941	1.5559160440149978E-4
26	9.574867963169216E-6	7.181150972376913E-5	0.0	0.00448821935773557	1.6037903838308438E-4
27	9.574867963169216E-6	7.181150972376913E-5	0.0	0.013677698885387227	1.675601893554613E-4
28	9.574867963169216E-6	7.420522671456143E-5	0.0	0.030337969141301664	1.699539063462536E-4
29	9.574867963169216E-6	8.378009467773065E-5	0.0	0.04711553152976493	1.771350573186305E-4
30	9.574867963169216E-6	9.096124565010757E-5	0.0	0.06112356335988149	1.771350573186305E-4
31	1.675601893554613E-5	1.0053611361327677E-4	0.0	0.07184262804464943	1.8910364227259203E-4
32	2.1543452917130738E-5	1.0771726458565369E-4	0.0	0.08266701627701223	1.9389107625417666E-4
33	2.1543452917130738E-5	1.0771726458565369E-4	0.0	0.09734528886455064	1.9867851023576126E-4
34	2.1543452917130738E-5	1.10110981576446E-4	0.0	0.11675833365987623	2.1304081218051507E-4
35	2.1543452917130738E-5	1.125046985672383E-4	0.0	0.1394435895816149	2.1304081218051507E-4
36	2.1543452917130738E-5	1.1489841555803061E-4	0.0	0.1710143229731746	2.178282461620997E-4
37	2.1543452917130738E-5	1.3165443449357673E-4	0.0	0.22043261024808172	2.226156801436843E-4
38	2.6330886898715348E-5	1.3883558546595365E-4	0.0	0.28302591584030967	2.250093971344766E-4
>>END_MODULE
>>Kmer Content	fail
#Sequence	Count	PValue	Obs/Exp Max	Max Obs/Exp Position
TCGTATG	2170	0.0	15.943897	38
CGCGCAT	2615	0.0	14.223878	40
CGTATGC	2510	0.0	14.128703	39
CTCGTAT	2350	0.0	14.079069	37
GTATTAG	8210	0.0	13.645992	1
TAATACT	11165	0.0	12.696976	4
TCTATAC	8830	0.0	12.540107	3
TATGCCG	2895	0.0	12.475002	41
TATACTG	7935	0.0	12.336395	5
ATAATAC	9225	0.0	11.744268	3
GTATTAT	9215	0.0	11.6629505	1
TAATACG	2970	0.0	11.32977	4
TTAGCGA	2610	0.0	11.314671	27
TATACAG	8675	0.0	11.158968	5
GTATAGA	9150	0.0	11.12885	1
GTATAGG	9275	0.0	11.119321	1
ATTATAC	10030	0.0	10.866622	3
GTATTAA	7535	0.0	10.776727	1
CGCGCTT	3460	0.0	10.74987	36
TCTAGAC	5985	0.0	10.701622	3
>>END_MODULE
